55
      nt         l  lev    x           xdot        rho         tev         p           pmx
       1         1    1  2.5000E-04  8.8691E+07  7.2517E-04  4.6348E+10  2.2407E+19  5.7298E+24
       2         2    1  7.5000E-04  1.8996E+08  7.3213E-04  4.5908E+10  2.2407E+19  5.6760E+24
       3         3    1  1.2500E-03  3.0360E+08  7.5104E-04  4.4752E+10  2.2407E+19  5.5258E+24
       4         4    1  1.7500E-03  4.1989E+08  7.8856E-04  4.2623E+10  2.2407E+19  5.2183E+24
       5         5    1  2.2500E-03  5.3709E+08  8.4662E-04  3.9701E+10  2.2408E+19  4.7832E+24
       6         6    1  2.7500E-03  6.5483E+08  9.2877E-04  3.6190E+10  2.2408E+19  4.2680E+24
       7         7    1  3.2500E-03  7.7301E+08  1.0414E-03  3.2277E+10  2.2409E+19  3.7184E+24
       8         8    1  3.7500E-03  8.9156E+08  1.1943E-03  2.8146E+10  2.2409E+19  3.1713E+24
       9         9    1  4.2500E-03  1.0105E+09  1.4013E-03  2.3989E+10  2.2410E+19  2.6534E+24
      10        10    1  4.7500E-03  1.1298E+09  1.6812E-03  1.9997E+10  2.2412E+19  2.1817E+24
      11        11    1  5.2500E-03  1.2496E+09  2.0586E-03  1.6332E+10  2.2413E+19  1.7655E+24
      12        12    1  5.7500E-03  1.3695E+09  2.5654E-03  1.3107E+10  2.2416E+19  1.4077E+24
      13        13    1  6.2500E-03  1.4895E+09  3.2412E-03  1.0375E+10  2.2419E+19  1.1071E+24
      14        14    1  6.7500E-03  1.6094E+09  4.1333E-03  8.1375E+09  2.2423E+19  8.5948E+23
      15        15    1  7.2500E-03  1.7288E+09  5.2949E-03  6.3538E+09  2.2429E+19  6.5912E+23
      16        16    1  7.7500E-03  1.8475E+09  6.7817E-03  4.9624E+09  2.2436E+19  4.9971E+23
      17        17    1  8.2500E-03  1.9653E+09  8.6474E-03  3.8935E+09  2.2446E+19  3.7490E+23
      18        18    1  8.7500E-03  2.0822E+09  1.0941E-02  3.0790E+09  2.2458E+19  2.7867E+23
      19        19    1  9.2500E-03  2.1980E+09  1.3707E-02  2.4593E+09  2.2474E+19  2.0557E+23
      20        20    1  9.7500E-03  2.3129E+09  1.6995E-02  1.9853E+09  2.2494E+19  1.5075E+23
      21        21    1  1.0250E-02  2.4270E+09  2.0864E-02  1.6188E+09  2.2517E+19  1.1007E+23
      22        22    1  1.0750E-02  2.5404E+09  2.5397E-02  1.3316E+09  2.2546E+19  8.0113E+22
      23        23    1  1.1250E-02  2.6534E+09  3.0703E-02  1.1032E+09  2.2580E+19  5.8133E+22
      24        24    1  1.1750E-02  2.7668E+09  3.6917E-02  9.1909E+08  2.2620E+19  4.2030E+22
      25        25    1  1.2250E-02  2.8821E+09  4.4206E-02  7.6922E+08  2.2669E+19  3.0237E+22
      26        26    1  1.2750E-02  3.0020E+09  5.2760E-02  6.4622E+08  2.2729E+19  2.1615E+22
      27        27    1  1.3250E-02  3.1311E+09  6.2796E-02  5.4467E+08  2.2802E+19  1.5342E+22
      28        28    1  1.3750E-02  3.2744E+09  7.4557E-02  4.6046E+08  2.2887E+19  1.0819E+22
      29        29    1  1.4250E-02  3.4344E+09  8.8296E-02  3.9037E+08  2.2979E+19  7.6000E+21
      30        30    1  1.4750E-02  3.5935E+09  1.0438E-01  3.3205E+08  2.3106E+19  5.3442E+21
      31        31    1  1.5250E-02  3.7362E+09  1.2318E-01  2.8340E+08  2.3272E+19  3.7875E+21
      32        32    1  1.5750E-02  3.8564E+09  1.4509E-01  2.4272E+08  2.3477E+19  2.7261E+21
      33        33    1  1.6250E-02  3.9669E+09  1.7059E-01  2.0867E+08  2.3731E+19  2.0060E+21
      34        34    1  1.6750E-02  4.0813E+09  2.0025E-01  1.8013E+08  2.4047E+19  1.5144E+21
      35        35    1  1.7250E-02  4.2104E+09  2.3460E-01  1.5611E+08  2.4415E+19  1.1723E+21
      36        36    1  1.7750E-02  4.3611E+09  2.7400E-01  1.3581E+08  2.4809E+19  9.2741E+20
      37        37    1  1.8250E-02  4.5122E+09  3.1957E-01  1.1878E+08  2.5306E+19  7.4586E+20
      38        38    1  1.8750E-02  4.6517E+09  3.7246E-01  1.0446E+08  2.5939E+19  6.0670E+20
      39        39    1  1.9250E-02  4.8000E+09  4.3383E-01  9.2370E+07  2.6715E+19  4.9718E+20
      40        40    1  1.9750E-02  4.9729E+09  5.0463E-01  8.2054E+07  2.7605E+19  4.0944E+20
      41        41    1  2.0250E-02  5.1650E+09  5.8704E-01  7.3283E+07  2.8680E+19  3.3829E+20
      42        42    1  2.0750E-02  5.3413E+09  6.8569E-01  6.5854E+07  3.0103E+19  2.8005E+20
      43        43    1  2.1250E-02  5.5349E+09  8.0252E-01  5.9410E+07  3.1785E+19  2.3211E+20
      44        44    1  2.1750E-02  5.7367E+09  9.4415E-01  5.3845E+07  3.3892E+19  1.9245E+20
      45        45    1  2.2250E-02  5.9644E+09  1.1152E+00  4.8934E+07  3.6382E+19  1.5954E+20
      46        46    1  2.2750E-02  6.2084E+09  1.3290E+00  4.4675E+07  3.9582E+19  1.3215E+20
      47        47    1  2.3250E-02  6.4949E+09  1.6078E+00  4.1071E+07  4.4024E+19  1.0914E+20
      48        48    1  2.3750E-02  6.9126E+09  2.0075E+00  3.8213E+07  5.1141E+19  8.9451E+19
      49        49    1  2.4250E-02  7.2143E+09  2.4831E+00  3.5228E+07  5.8317E+19  7.2590E+19
      50        50    1  2.4750E-02  7.0750E+09  2.7610E+00  3.1244E+07  5.7509E+19  5.8850E+19
      51        51    1  2.5250E-02  5.9266E+09  2.6816E+00  2.4551E+07  4.3891E+19  4.3891E+19
      52        52    1  2.5750E-02  2.5639E+09  1.7801E+00  1.0908E+07  1.2945E+19  1.2945E+19
      53        53    1  2.6250E-02  1.6786E+08  1.0972E+00  4.1646E+05  3.0463E+17  3.0463E+17
      54        54    1  2.6750E-02  1.0361E+06  1.0062E+00  6.0920E+02  4.0865E+14  4.0865E+14
      55        55    1  2.7250E-02  4.8171E+02  1.0001E+00  1.2764E-02  8.5105E+09  8.5105E+09
